79916
25453
705010
279750
150213
417300
270571
651355
101731
262578
133842
490318
398203
538743
986339
312811
763622
294942
714010
156775
297379
292693
362060
260824
969521
592485
121028
190307
788296
652255
390175
488942
809333
291393
20581
989881
939152
418268
886745
189382
912660
451360
772100
210634
555769
671074
740735
960336
38453
406236
199420
412109
8423
251459
511771
346925
929849
251197
519250
146993
537648
917556
766789
138343
963541
987287
417155
449215
221770
557648
286775
57134
473362
25783
958779
914283
419132
577608
692711
616815
120198
383609
399002
834734
776216
543467
125017
593706
339489
901266
403979
630379
254792
793187
578733
1202
71429
531077
778543
884051
831554
925882
241512
392351
775088
315182
275162
399549
745506
795656
636837
655184
687098
697559
575629
157565
605869
424760
594607
421820
847001
572770
912338
956817
345969
770308
457119
772179
927982
399529
919191
644394
605522
575534
184881
212820
301425
925425
566473
803265
130556
315624
475578
399854
156403
873122
385340
816486
484854
28135
5438
475208
30739
48606
322876
662382
553270
946869
491042
82112
348610
960685
156357
478811
517703
203083
400945
9317
309964
555031
537106
665754
343988
323658
86319
763226
144413
227298
670270
295250
965155
268619
756226
363663
938142
198345
482128
355086
349216
851164
927883
914326
620570
531421
946330
120625
490899
948493
210993
261878
481718
713216
947891
854874
993533
868196
740311
608582
9426
37765
578298
43310
824977
935938
952914
427586
258547
325834
989459
126327
743723
371820
278813
867932
110189
76274
94439
492146
767738
957468
162048
782017
799476
249307
637214
379025
473470
372262
271228
531683
957273
795833
601241
568932
253305
953384
104531
123301
555802
242530
229944
971652
672149
902085
637841
452045
702810
988744
786168
168619
274776
591856
110875
430058
902576
161677
658485
677654
611772
913697
819555
962793
398912
7431
139633
52320
64765
829063
868902
407207
724551
257082
817186
341911
397905
657420
804122
700133
914289
971376
348396
197654
63861
431428
176744
333789
572478
531826
656051
973822
30753
388719
671768
393489
606354
808145
720015
70097
955902
563161
675663
95949
566508
207934
912938
750836
501418
148841
759760
325779
709463
102758
366155
334247
607008
821220
898001
389205
591321
872036
719676
975378
580479
635218
69545
827979
762536
801662
525964
280809
794197
478892
7058
48170
347277
380186
930078
220756
236580
828062
932004
215220
719214
371711
549712
438353
853394
490494
588032
845324
85450
77903
256592
301468
463350
274806
766833
115587
953811
118751
392987
885758
975326
327980
187184
978577
745774
701775
112394
402452
328911
330435
120411
431927
577551
880710
981404
799549
520837
614724
998147
523488
544524
427361
201311
32782
678017
859779
762234
750516
949076
261497
689557
888130
733407
443074
497125
162066
835622
27748
243352
514541
254654
668036
328061
471861
948718
105569
8643
631741
250445
53004
274923
243896
146411
392482
396032
345880
293849
683675
552614
939268
242583
750409
89934
640380
522667
223917
807229
721632
56850
797237
908066
337024
688174
715848
901648
608213
181993
671988
550432
489073
584377
208497
510299
34282
824667
437259
199496
533669
600111
348887
927536
661697
287186
495725
173605
152406
642240
302647
844142
249071
39089
579905
203720
432835
769707
120367
251769
389750
196308
327316
677668
445402
602554
10584
774531
960898
265230
260164
345670
337319
228307
337695
297990
47897
892093
674224
955154
3117
648458
578592
215967
196650
552957
870788
709057
60404
866597
621715
76525
842209
94662
821823
405832
110201
37018
644521
490539
300461
48008
155123
879711
486183
115016
643057
293436
875980
293220
83201
208407
618016
535813
170424
488468
890344
171994
933332
926143
107979
102557
581896
835027
615915
348440
125198
987589
93165
89708
242506
189500
990843
278910
811539
515196
960987
447801
777835
411852
16703
955760
288160
221019
649256
2083
669148
323383
167237
32231
108367
839719
496983
335154
680800
703492
685510
71521
811862
635195
577310
105805
82243
444860
729613
459633
61441
581908
636334
245392
733774
520125
181963
834433
214097
55359
299917
193348
282177
206092
193016
597731
116021
258060
12063
203469
166788
180265
864101
686957
565698
176042
464247
858912
56154
706315
694797
308896
671285
507263
70737
645325
67628
142931
888573
529488
686157
995494
384234
350429
971920
652722
916445
779208
722603
519803
258142
730254
711519
667278
692197
446420
742879
111497
915940
150075
510688
394844
593037
335072
387409
474208
466200
430609
35453
4861
969831
125597
199090
634868
478681
81065
807738
740463
551016
203983
660624
341949
394970
613530
218566
435217
761449
750068
430207
712164
448236
649563
946163
773878
941912
603399
254698
434495
336963
307826
916369
425673
772300
602512
916342
952677
542426
491537
733710
232955
956495
547770
595941
347382
674165
398534
329458
6298
356635
851311
149109
774558
607088
649732
583989
761772
105217
429235
305028
280939
684666
285143
972241
157010
852544
416527
221691
82096
354354
612129
565382
347264
447479
663393
359172
344760
344460
336193
86783
188187
309431
326586
674743
374081
330521
981195
712790
272083
108994
471579
824447
638450
341079
586451
209134
417112
372730
676826
874355
531494
313902
438401
286120
686243
951924
946042
660060
97098
428863
112016
84218
706225
953437
417998
735175
334201
669352
628660
363691
470543
124581
128075
662275
668283
858963
664733
884248
522591
214772
15529
987052
965783
354689
765623
945813
74779
665161
788829
622060
394828
475975
785793
213676
490406
955607
373625
314836
1279
667504
55
485060
919495
17333
366024
695261
394117
786729
313366
539570
488596
931094
340284
142156
262557
67014
735652
423406
771075
652250
291104
595612
230277
914959
975173
683808
542187
797180
117954
652805
292486
825129
706208
395754
40431
746105
293489
923797
362771
949168
372516
219326
646846
302413
588187
519094
80221
506798
385805
645947
64078
58337
817026
942482
444447
389959
896010
97369
712089
218471
443978
733204
295693
979890
289678
231420
335884
680878
442100
78778
387589
499020
515601
535945
114681
150398
794385
278206
775064
520682
760474
931365
249073
89574
981425
451973
285466
406315
146650
944684
114868
476387
11731
130649
864019
508840
455417
591869
260476
84143
639336
478400
321871
272935
251647
501784
640863
880486
915036
826700
312788
90542
497277
538789
123014
690277
973234
905102
880125
947281
525887
752667
495019
63060
862115
537000
433223
708950
272012
150940
373549
994317
995618
259036
432456
93277
537878
811550
81327
254149
681769
743211
539573
671286
474256
623530
198130
955305
651772
882507
453075
267078
240389
271136
715719
395296
289261
939567
141746
562716
256058
202045
642465
171350
538678
763320
361866
718885
911539
223905
317030
137275
42445
76377
568364
639586
793309
559348
923099
424970
8849
812239
476848
887078
647678
791963
308395
308047
143996
209779
852088
684994
567320
767025
372065
37017
