199786
935411
801573
903078
407870
356824
310060
583205
188348
475501
198739
863188
352165
260563
355678
240258
937119
180610
512982
409120
76700
469930
768646
231033
273579
840955
170767
471999
498843
799680
967272
237632
913736
773094
446966
582776
94019
32475
791940
792895
468898
713362
15647
232867
637409
306018
544593
489808
123187
668622
251896
985580
241257
772832
522114
13759
298814
61678
607239
82960
960252
978366
609858
871115
129615
391558
198829
769949
540517
668300
960633
313058
13758
808236
932071
130038
540693
707192
254086
292072
504491
131193
160585
456781
252588
884564
324420
379440
849792
594568
763139
342247
37873
504660
757383
684289
597620
370933
35294
555419
184662
461773
824606
312722
736324
573216
594365
256082
563895
994103
803024
849933
474874
934183
364702
108232
715929
139692
33825
162063
141416
264302
919896
925897
396781
793766
843659
165926
373163
248218
703005
563892
722060
533700
904711
285969
837226
772113
532791
699771
283065
409349
448260
200131
57621
73083
162892
639905
385060
966346
307756
870240
860392
174980
152731
983162
493796
335896
799139
560190
748199
35479
83581
843565
876729
253971
769097
902117
191713
412963
21159
702517
930257
372548
974901
897999
200304
930714
309477
595867
709442
723860
469177
737064
262965
588205
809630
921149
701386
854158
61283
583246
21469
456272
798740
16522
967955
764896
826551
788817
14880
580732
221602
995971
883954
152665
787703
652340
197694
74983
472126
252667
794277
151020
116765
57450
708802
407501
146358
567320
472723
188396
87773
346457
267713
903722
116020
791503
310029
665933
61606
989914
957849
492541
134268
94058
457105
915177
507039
684982
49972
518407
442795
675589
155587
239096
580459
685610
340164
43593
990135
739085
577139
810326
663463
424227
978502
985993
93171
835583
245212
216128
158889
774466
932737
157517
119561
222767
502560
624278
745856
778841
948998
181213
811071
422973
920910
780891
473656
787308
484655
271557
10293
223969
925790
97328
324629
63025
636641
728016
637603
910112
460530
345116
438420
767695
466700
448462
127197
171667
472725
705478
809455
50658
216231
783502
488912
967463
472188
697400
509015
588725
301366
632356
115716
683223
435017
786590
511545
338822
96774
73188
510169
12724
232132
116420
631100
916741
621229
72484
308492
266845
845666
595932
27199
641172
368716
326525
181425
477894
272640
171317
188893
92680
634254
277194
844792
416949
930855
606148
322026
750054
612136
394152
54697
652799
626439
515678
112308
196582
636761
404404
139242
298255
234365
55163
72452
384691
604009
552079
709045
605535
782991
943669
563165
693353
108907
774493
431204
52669
771116
668038
58681
595477
471292
303552
224679
649351
694254
240205
910289
732536
77123
604641
344074
986734
600793
396233
430803
10564
478577
89128
759410
180022
659803
999067
828971
209308
469248
457790
894942
128116
763340
972936
828092
754840
346422
990226
335719
127758
850605
649973
656294
81150
52128
698000
527618
52606
251242
960937
823808
389450
972441
964075
974266
491407
363290
930445
645020
945830
59522
670867
194680
662878
996539
258670
868295
836210
800649
953471
631485
522585
953208
948858
858567
25789
168932
355173
992676
242179
420133
417342
748317
82569
681877
347324
531490
351086
530878
561582
673347
528394
644325
102848
634312
977086
903405
862109
640749
275175
343402
648302
575421
713836
730179
396479
954569
432503
430723
249603
781573
857729
733180
981230
36736
197381
529176
663488
578495
353302
505533
928994
384693
863564
824860
471464
36512
48026
138199
408567
421698
637179
390093
947008
537722
685643
390019
684906
497727
202354
798768
84366
420858
441595
611877
329052
983805
931779
986007
872475
513571
333772
400906
423501
607684
321969
825948
361712
366677
179188
881324
776225
723419
486195
671717
289692
462794
932858
548139
509470
828094
734961
963424
63595
889173
865654
622739
951148
977959
875654
846533
212336
184035
94292
353946
709395
727175
630460
395609
379964
640251
174545
312416
462911
345675
489234
836199
422180
808063
742908
852014
173631
975641
455801
451462
648382
772139
960438
316921
261889
346386
550034
579544
629347
612179
324466
896095
966808
338960
920945
944582
365359
600550
825269
59175
38582
577190
890973
310342
306556
103535
323670
373826
2417
145573
18253
138583
306282
124048
294910
916494
568321
475731
252651
615874
989978
860038
658601
446543
846272
841075
357588
478296
596525
359850
868963
265653
483816
609089
67606
739064
815305
429868
741196
799834
175448
305461
340465
130951
996244
581976
783316
556483
344783
310013
75670
829303
659958
69138
642302
989468
230127
579588
247722
670659
473819
261915
228641
734398
966843
582000
574723
136175
950894
164363
670753
354539
884888
870749
931433
339337
549023
121302
89850
889933
882383
91492
713494
854636
832541
155402
154357
775228
189769
480024
953142
697594
131484
675085
887729
589943
604689
910533
503335
128799
848976
834784
153947
456167
11093
41138
666362
651219
397488
96352
213237
117921
662693
896989
991792
664661
674803
613633
803730
270946
266098
37059
285117
826866
139797
457747
364951
565202
81104
143319
362631
429693
339731
502719
972924
139652
541427
300743
105959
762774
169706
889737
483593
611506
171701
64316
702950
435238
706779
526221
879961
651394
494862
600536
961409
153182
39018
517891
956057
874629
412122
616759
976550
952253
809178
673020
547017
759988
506775
340208
912180
896265
180978
428580
288249
795123
470691
832403
162750
251026
96762
648704
49741
473872
722497
758123
769032
154996
28734
397871
960954
30403
986645
226107
815880
604371
102281
118315
28230
946733
177571
855170
873317
922590
723243
694982
980939
523802
592915
806137
877243
1230
124020
183215
803123
442433
568751
530641
370773
396582
972662
502316
194045
892544
591139
924854
598897
208626
209669
942175
370102
740770
293884
766672
829311
271113
704378
168772
232513
532507
893417
216639
257890
665037
492267
661486
613199
388807
876029
376605
399212
19112
9781
867599
708903
629360
421930
825085
713062
552271
545202
426542
628126
113031
522310
154415
886277
277376
732034
780848
565023
634024
897609
555323
799733
270724
974086
97489
296357
244568
158349
296867
612754
344303
128095
25386
897339
395464
565260
542499
781354
759773
425395
568747
200835
665489
979621
226418
14908
252661
900200
249759
163819
505335
979095
905280
111610
309863
807975
602476
569656
262695
569732
813880
371850
881519
599450
956818
613503
952826
366831
207805
206273
598929
172397
500905
335142
66930
950526
1518
225510
958749
183824
477925
487464
836986
307320
646435
285493
210730
844594
753299
841486
328488
355846
534703
111832
865692
605895
140763
123317
460348
301814
624670
472943
142239
33283
147965
990606
285472
704883
995574
904905
66155
372637
782038
704729
456487
591758
407095
307176
815872
576460
103002
297449
905423
923192
170397
266753
715049
661708
209049
497186
755521
767044
643098
11641
492667
10330
604604
66045
39502
476329
169566
631848
